(kicad_pcb (version 20171130) (host pcbnew "(5.1.0)-1")

  (general
    (thickness 1.6)
    (drawings 10)
    (tracks 255)
    (zones 0)
    (modules 45)
    (nets 70)
  )

  (page A4)
  (layers
    (0 F.Cu signal)
    (31 B.Cu signal)
    (32 B.Adhes user)
    (33 F.Adhes user)
    (34 B.Paste user)
    (35 F.Paste user)
    (36 B.SilkS user)
    (37 F.SilkS user)
    (38 B.Mask user)
    (39 F.Mask user)
    (40 Dwgs.User user)
    (41 Cmts.User user)
    (42 Eco1.User user)
    (43 Eco2.User user)
    (44 Edge.Cuts user)
    (45 Margin user)
    (46 B.CrtYd user)
    (47 F.CrtYd user)
    (48 B.Fab user)
    (49 F.Fab user)
  )

  (setup
    (last_trace_width 0.25)
    (trace_clearance 0.2)
    (zone_clearance 0.508)
    (zone_45_only no)
    (trace_min 0.2)
    (via_size 0.8)
    (via_drill 0.4)
    (via_min_size 0.4)
    (via_min_drill 0.3)
    (uvia_size 0.3)
    (uvia_drill 0.1)
    (uvias_allowed no)
    (uvia_min_size 0.2)
    (uvia_min_drill 0.1)
    (edge_width 0.05)
    (segment_width 0.2)
    (pcb_text_width 0.3)
    (pcb_text_size 1.5 1.5)
    (mod_edge_width 0.12)
    (mod_text_size 1 1)
    (mod_text_width 0.15)
    (pad_size 4 4)
    (pad_drill 3.2)
    (pad_to_mask_clearance 0.051)
    (solder_mask_min_width 0.25)
    (aux_axis_origin 0 0)
    (visible_elements 7FFFFFFF)
    (pcbplotparams
      (layerselection 0x010fc_ffffffff)
      (usegerberextensions true)
      (usegerberattributes false)
      (usegerberadvancedattributes false)
      (creategerberjobfile false)
      (excludeedgelayer true)
      (linewidth 0.100000)
      (plotframeref false)
      (viasonmask false)
      (mode 1)
      (useauxorigin false)
      (hpglpennumber 1)
      (hpglpenspeed 20)
      (hpglpendiameter 15.000000)
      (psnegative false)
      (psa4output false)
      (plotreference true)
      (plotvalue true)
      (plotinvisibletext false)
      (padsonsilk false)
      (subtractmaskfromsilk false)
      (outputformat 1)
      (mirror false)
      (drillshape 0)
      (scaleselection 1)
      (outputdirectory "Gerbers/"))
  )

  (net 0 "")
  (net 1 VGA_RED)
  (net 2 SF1_IN)
  (net 3 SF2_IN)
  (net 4 VGA_GREEN)
  (net 5 VGA_BLUE)
  (net 6 SF3_IN)
  (net 7 SD1_IN)
  (net 8 HSYNC_SWITCH)
  (net 9 VGA_VSYNC)
  (net 10 SD2_IN)
  (net 11 "Net-(C6-Pad2)")
  (net 12 GND)
  (net 13 "Net-(C8-Pad1)")
  (net 14 5V)
  (net 15 RED_OUT)
  (net 16 "Net-(C15-Pad2)")
  (net 17 "Net-(C16-Pad2)")
  (net 18 GREEN_OUT)
  (net 19 BLUE_OUT)
  (net 20 "Net-(C17-Pad2)")
  (net 21 "Net-(FB1-Pad2)")
  (net 22 "Net-(J1-Pad4)")
  (net 23 "Net-(J1-Pad9)")
  (net 24 "Net-(J1-Pad11)")
  (net 25 "Net-(J1-Pad12)")
  (net 26 VGA_HSYNC)
  (net 27 "Net-(J1-Pad15)")
  (net 28 "Net-(J2-Pad2)")
  (net 29 "Net-(J2-Pad3)")
  (net 30 "Net-(J2-Pad4)")
  (net 31 "Net-(R7-Pad1)")
  (net 32 "Net-(R8-Pad1)")
  (net 33 "Net-(R9-Pad1)")
  (net 34 "Net-(R10-Pad2)")
  (net 35 "Net-(R11-Pad2)")
  (net 36 "Net-(R12-Pad2)")
  (net 37 HSYNC_OUT)
  (net 38 "Net-(R13-Pad2)")
  (net 39 "Net-(R14-Pad2)")
  (net 40 VSYNC_OUT)
  (net 41 STRIP_SYNC)
  (net 42 FILTER1)
  (net 43 FILTER2)
  (net 44 BYPASS)
  (net 45 "Net-(U1-Pad15)")
  (net 46 "Net-(U1-Pad17)")
  (net 47 "Net-(U1-Pad18)")
  (net 48 "Net-(U2-Pad3)")
  (net 49 "Net-(U2-Pad5)")
  (net 50 "Net-(U2-Pad7)")
  (net 51 "Net-(X1-Pad17)")
  (net 52 "Net-(X1-Pad18)")
  (net 53 "Net-(X1-Pad20)")
  (net 54 "Net-(X1-Pad21)")
  (net 55 "Net-(X1-Pad23)")
  (net 56 "Net-(X1-Pad24)")
  (net 57 "Net-(X1-Pad9)")
  (net 58 "Net-(X1-Pad10)")
  (net 59 "Net-(X1-Pad12)")
  (net 60 "Net-(X1-Pad13)")
  (net 61 "Net-(X1-Pad14)")
  (net 62 "Net-(X1-Pad16)")
  (net 63 "Net-(X1-Pad1)")
  (net 64 "Net-(X1-Pad2)")
  (net 65 "Net-(X1-Pad4)")
  (net 66 "Net-(X1-Pad5)")
  (net 67 "Net-(X1-Pad6)")
  (net 68 "Net-(X1-Pad7)")
  (net 69 "Net-(C7-Pad2)")

  (net_class Default "This is the default net class."
    (clearance 0.2)
    (trace_width 0.25)
    (via_dia 0.8)
    (via_drill 0.4)
    (uvia_dia 0.3)
    (uvia_drill 0.1)
    (add_net 5V)
    (add_net BLUE_OUT)
    (add_net BYPASS)
    (add_net FILTER1)
    (add_net FILTER2)
    (add_net GND)
    (add_net GREEN_OUT)
    (add_net HSYNC_OUT)
    (add_net HSYNC_SWITCH)
    (add_net "Net-(C15-Pad2)")
    (add_net "Net-(C16-Pad2)")
    (add_net "Net-(C17-Pad2)")
    (add_net "Net-(C6-Pad2)")
    (add_net "Net-(C7-Pad2)")
    (add_net "Net-(C8-Pad1)")
    (add_net "Net-(FB1-Pad2)")
    (add_net "Net-(J1-Pad11)")
    (add_net "Net-(J1-Pad12)")
    (add_net "Net-(J1-Pad15)")
    (add_net "Net-(J1-Pad4)")
    (add_net "Net-(J1-Pad9)")
    (add_net "Net-(J2-Pad2)")
    (add_net "Net-(J2-Pad3)")
    (add_net "Net-(J2-Pad4)")
    (add_net "Net-(R10-Pad2)")
    (add_net "Net-(R11-Pad2)")
    (add_net "Net-(R12-Pad2)")
    (add_net "Net-(R13-Pad2)")
    (add_net "Net-(R14-Pad2)")
    (add_net "Net-(R7-Pad1)")
    (add_net "Net-(R8-Pad1)")
    (add_net "Net-(R9-Pad1)")
    (add_net "Net-(U1-Pad15)")
    (add_net "Net-(U1-Pad17)")
    (add_net "Net-(U1-Pad18)")
    (add_net "Net-(U2-Pad3)")
    (add_net "Net-(U2-Pad5)")
    (add_net "Net-(U2-Pad7)")
    (add_net "Net-(X1-Pad1)")
    (add_net "Net-(X1-Pad10)")
    (add_net "Net-(X1-Pad12)")
    (add_net "Net-(X1-Pad13)")
    (add_net "Net-(X1-Pad14)")
    (add_net "Net-(X1-Pad16)")
    (add_net "Net-(X1-Pad17)")
    (add_net "Net-(X1-Pad18)")
    (add_net "Net-(X1-Pad2)")
    (add_net "Net-(X1-Pad20)")
    (add_net "Net-(X1-Pad21)")
    (add_net "Net-(X1-Pad23)")
    (add_net "Net-(X1-Pad24)")
    (add_net "Net-(X1-Pad4)")
    (add_net "Net-(X1-Pad5)")
    (add_net "Net-(X1-Pad6)")
    (add_net "Net-(X1-Pad7)")
    (add_net "Net-(X1-Pad9)")
    (add_net RED_OUT)
    (add_net SD1_IN)
    (add_net SD2_IN)
    (add_net SF1_IN)
    (add_net SF2_IN)
    (add_net SF3_IN)
    (add_net STRIP_SYNC)
    (add_net VGA_BLUE)
    (add_net VGA_GREEN)
    (add_net VGA_HSYNC)
    (add_net VGA_RED)
    (add_net VGA_VSYNC)
    (add_net VSYNC_OUT)
  )

  (module MountingHole:MountingHole_3.2mm_M3 (layer F.Cu) (tedit 56D1B4CB) (tstamp 5C9812A0)
    (at 150.368 83.82)
    (descr "Mounting Hole 3.2mm, no annular, M3")
    (tags "mounting hole 3.2mm no annular m3")
    (attr virtual)
    (fp_text reference M3 (at 3.81 0) (layer F.SilkS)
      (effects (font (size 1 1) (thickness 0.15)))
    )
    (fp_text value MountingHole_3.2mm_M3 (at 0 3.2) (layer F.Fab)
      (effects (font (size 1 1) (thickness 0.15)))
    )
    (fp_circle (center 0 0) (end 3.45 0) (layer F.CrtYd) (width 0.05))
    (fp_circle (center 0 0) (end 3.2 0) (layer Cmts.User) (width 0.15))
    (fp_text user %R (at 0.3 0) (layer F.Fab)
      (effects (font (size 1 1) (thickness 0.15)))
    )
    (pad 1 np_thru_hole circle (at 0 0) (size 3.2 3.2) (drill 3.2) (layers *.Cu *.Mask))
  )

  (module MountingHole:MountingHole_3.2mm_M3 (layer F.Cu) (tedit 56D1B4CB) (tstamp 5C9811FA)
    (at 150.368 123.444)
    (descr "Mounting Hole 3.2mm, no annular, M3")
    (tags "mounting hole 3.2mm no annular m3")
    (attr virtual)
    (fp_text reference M3 (at -0.254 -4.318) (layer F.SilkS)
      (effects (font (size 1 1) (thickness 0.15)))
    )
    (fp_text value MountingHole_3.2mm_M3 (at 0 3.2) (layer F.Fab)
      (effects (font (size 1 1) (thickness 0.15)))
    )
    (fp_circle (center 0 0) (end 3.45 0) (layer F.CrtYd) (width 0.05))
    (fp_circle (center 0 0) (end 3.2 0) (layer Cmts.User) (width 0.15))
    (fp_text user %R (at 0.3 0) (layer F.Fab)
      (effects (font (size 1 1) (thickness 0.15)))
    )
    (pad 1 np_thru_hole circle (at 0 0) (size 3.2 3.2) (drill 3.2) (layers *.Cu *.Mask))
  )

  (module MountingHole:MountingHole_3.2mm_M3 (layer F.Cu) (tedit 56D1B4CB) (tstamp 5C98117E)
    (at 106.172 83.82)
    (descr "Mounting Hole 3.2mm, no annular, M3")
    (tags "mounting hole 3.2mm no annular m3")
    (attr virtual)
    (fp_text reference M3 (at -4.572 0) (layer F.SilkS)
      (effects (font (size 1 1) (thickness 0.15)))
    )
    (fp_text value MountingHole_3.2mm_M3 (at 0 3.2) (layer F.Fab)
      (effects (font (size 1 1) (thickness 0.15)))
    )
    (fp_circle (center 0 0) (end 3.45 0) (layer F.CrtYd) (width 0.05))
    (fp_circle (center 0 0) (end 3.2 0) (layer Cmts.User) (width 0.15))
    (fp_text user %R (at 0.3 0) (layer F.Fab)
      (effects (font (size 1 1) (thickness 0.15)))
    )
    (pad 1 np_thru_hole circle (at 0 0) (size 3.2 3.2) (drill 3.2) (layers *.Cu *.Mask))
  )

  (module MountingHole:MountingHole_3.2mm_M3 (layer F.Cu) (tedit 56D1B4CB) (tstamp 5C981161)
    (at 106.172 123.444)
    (descr "Mounting Hole 3.2mm, no annular, M3")
    (tags "mounting hole 3.2mm no annular m3")
    (attr virtual)
    (fp_text reference M3 (at -4.572 0.254) (layer F.SilkS)
      (effects (font (size 1 1) (thickness 0.15)))
    )
    (fp_text value MountingHole_3.2mm_M3 (at 0 3.2) (layer F.Fab)
      (effects (font (size 1 1) (thickness 0.15)))
    )
    (fp_circle (center 0 0) (end 3.45 0) (layer F.CrtYd) (width 0.05))
    (fp_circle (center 0 0) (end 3.2 0) (layer Cmts.User) (width 0.15))
    (fp_text user %R (at 0.3 0) (layer F.Fab)
      (effects (font (size 1 1) (thickness 0.15)))
    )
    (pad 1 np_thru_hole circle (at 0 0) (size 3.2 3.2) (drill 3.2) (layers *.Cu *.Mask))
  )

  (module Connector_Dsub:DSUB-15-HD_Female_Horizontal_P2.29x1.98mm_EdgePinOffset3.03mm_Housed_MountingHolesOffset4.94mm (layer F.Cu) (tedit 5C96FC8C) (tstamp 5C979543)
    (at 160.02 111.125 90)
    (descr "15-pin D-Sub connector, horizontal/angled (90 deg), THT-mount, female, pitch 2.29x1.98mm, pin-PCB-offset 3.0300000000000002mm, distance of mounting holes 25mm, distance of mounting holes to PCB edge 4.9399999999999995mm, see https://disti-assets.s3.amazonaws.com/tonar/files/datasheets/16730.pdf")
    (tags "15-pin D-Sub connector horizontal angled 90deg THT female pitch 2.29x1.98mm pin-PCB-offset 3.0300000000000002mm mounting-holes-distance 25mm mounting-hole-offset 25mm")
    (path /5C960743)
    (fp_text reference J1 (at 0.13 -6.42 90) (layer F.SilkS)
      (effects (font (size 1 1) (thickness 0.15)))
    )
    (fp_text value DB15_Female_HighDensity (at 0.13 11.08 90) (layer F.Fab)
      (effects (font (size 1 1) (thickness 0.15)))
    )
    (fp_arc (start -12.37 -1.76) (end -13.97 -1.76) (angle 180) (layer F.Fab) (width 0.1))
    (fp_arc (start 12.63 -1.76) (end 11.03 -1.76) (angle 180) (layer F.Fab) (width 0.1))
    (fp_line (start -15.295 -5.42) (end -15.295 3.18) (layer F.Fab) (width 0.1))
    (fp_line (start -15.295 3.18) (end 15.555 3.18) (layer F.Fab) (width 0.1))
    (fp_line (start 15.555 3.18) (end 15.555 -5.42) (layer F.Fab) (width 0.1))
    (fp_line (start 15.555 -5.42) (end -15.295 -5.42) (layer F.Fab) (width 0.1))
    (fp_line (start -15.295 3.18) (end -15.295 3.58) (layer F.Fab) (width 0.1))
    (fp_line (start -15.295 3.58) (end 15.555 3.58) (layer F.Fab) (width 0.1))
    (fp_line (start 15.555 3.58) (end 15.555 3.18) (layer F.Fab) (width 0.1))
    (fp_line (start 15.555 3.18) (end -15.295 3.18) (layer F.Fab) (width 0.1))
    (fp_line (start -8.02 3.58) (end -8.02 9.58) (layer F.Fab) (width 0.1))
    (fp_line (start -8.02 9.58) (end 8.28 9.58) (layer F.Fab) (width 0.1))
    (fp_line (start 8.28 9.58) (end 8.28 3.58) (layer F.Fab) (width 0.1))
    (fp_line (start 8.28 3.58) (end -8.02 3.58) (layer F.Fab) (width 0.1))
    (fp_line (start -14.87 3.58) (end -14.87 8.58) (layer F.Fab) (width 0.1))
    (fp_line (start -14.87 8.58) (end -9.87 8.58) (layer F.Fab) (width 0.1))
    (fp_line (start -9.87 8.58) (end -9.87 3.58) (layer F.Fab) (width 0.1))
    (fp_line (start -9.87 3.58) (end -14.87 3.58) (layer F.Fab) (width 0.1))
    (fp_line (start 10.13 3.58) (end 10.13 8.58) (layer F.Fab) (width 0.1))
    (fp_line (start 10.13 8.58) (end 15.13 8.58) (layer F.Fab) (width 0.1))
    (fp_line (start 15.13 8.58) (end 15.13 3.58) (layer F.Fab) (width 0.1))
    (fp_line (start 15.13 3.58) (end 10.13 3.58) (layer F.Fab) (width 0.1))
    (fp_line (start -13.97 3.18) (end -13.97 -1.76) (layer F.Fab) (width 0.1))
    (fp_line (start -10.77 3.18) (end -10.77 -1.76) (layer F.Fab) (width 0.1))
    (fp_line (start 11.03 3.18) (end 11.03 -1.76) (layer F.Fab) (width 0.1))
    (fp_line (start 14.23 3.18) (end 14.23 -1.76) (layer F.Fab) (width 0.1))
    (fp_line (start -15.355 3.12) (end -15.355 -5.48) (layer F.SilkS) (width 0.12))
    (fp_line (start -15.355 -5.48) (end 15.615 -5.48) (layer F.SilkS) (width 0.12))
    (fp_line (start 15.615 -5.48) (end 15.615 3.12) (layer F.SilkS) (width 0.12))
    (fp_line (start 4.195 -6.374338) (end 4.695 -6.374338) (layer F.SilkS) (width 0.12))
    (fp_line (start 4.695 -6.374338) (end 4.445 -5.941325) (layer F.SilkS) (width 0.12))
    (fp_line (start 4.445 -5.941325) (end 4.195 -6.374338) (layer F.SilkS) (width 0.12))
    (fp_line (start -15.805 -5.96) (end -15.805 10.09) (layer F.CrtYd) (width 0.05))
    (fp_line (start -15.805 10.09) (end 16.095 10.09) (layer F.CrtYd) (width 0.05))
    (fp_line (start 16.095 10.09) (end 16.095 -5.96) (layer F.CrtYd) (width 0.05))
    (fp_line (start 16.095 -5.96) (end -15.805 -5.96) (layer F.CrtYd) (width 0.05))
    (fp_text user %R (at 0.13 6.58 90) (layer F.Fab)
      (effects (font (size 1 1) (thickness 0.15)))
    )
    (pad 1 thru_hole rect (at 4.445 -3.81 90) (size 1.6 1.6) (drill 1) (layers *.Cu *.Mask)
      (net 1 VGA_RED))
    (pad 2 thru_hole circle (at 2.155 -3.81 90) (size 1.6 1.6) (drill 1) (layers *.Cu *.Mask)
      (net 4 VGA_GREEN))
    (pad 3 thru_hole circle (at -0.135 -3.81 90) (size 1.6 1.6) (drill 1) (layers *.Cu *.Mask)
      (net 5 VGA_BLUE))
    (pad 4 thru_hole circle (at -2.425 -3.81 90) (size 1.6 1.6) (drill 1) (layers *.Cu *.Mask)
      (net 22 "Net-(J1-Pad4)"))
    (pad 5 thru_hole circle (at -4.715 -3.81 90) (size 1.6 1.6) (drill 1) (layers *.Cu *.Mask)
      (net 12 GND))
    (pad 6 thru_hole circle (at 5.59 -1.83 90) (size 1.6 1.6) (drill 1) (layers *.Cu *.Mask)
      (net 12 GND))
    (pad 7 thru_hole circle (at 3.3 -1.83 90) (size 1.6 1.6) (drill 1) (layers *.Cu *.Mask)
      (net 12 GND))
    (pad 8 thru_hole circle (at 1.01 -1.83 90) (size 1.6 1.6) (drill 1) (layers *.Cu *.Mask)
      (net 12 GND))
    (pad 9 thru_hole circle (at -1.28 -1.83 90) (size 1.6 1.6) (drill 1) (layers *.Cu *.Mask)
      (net 23 "Net-(J1-Pad9)"))
    (pad 10 thru_hole circle (at -3.57 -1.83 90) (size 1.6 1.6) (drill 1) (layers *.Cu *.Mask)
      (net 12 GND))
    (pad 11 thru_hole circle (at 4.445 0.15 90) (size 1.6 1.6) (drill 1) (layers *.Cu *.Mask)
      (net 24 "Net-(J1-Pad11)"))
    (pad 12 thru_hole circle (at 2.155 0.15 90) (size 1.6 1.6) (drill 1) (layers *.Cu *.Mask)
      (net 25 "Net-(J1-Pad12)"))
    (pad 13 thru_hole circle (at -0.135 0.15 90) (size 1.6 1.6) (drill 1) (layers *.Cu *.Mask)
      (net 26 VGA_HSYNC))
    (pad 14 thru_hole circle (at -2.425 0.15 90) (size 1.6 1.6) (drill 1) (layers *.Cu *.Mask)
      (net 9 VGA_VSYNC))
    (pad 15 thru_hole circle (at -4.715 0.15 90) (size 1.6 1.6) (drill 1) (layers *.Cu *.Mask)
      (net 27 "Net-(J1-Pad15)"))
    (pad 0 thru_hole circle (at -12.37 -1.76 90) (size 4 4) (drill 3.2) (layers *.Cu *.Mask)
      (net 12 GND))
    (pad 0 thru_hole circle (at 12.63 -1.76 90) (size 4 4) (drill 3.2) (layers *.Cu *.Mask)
      (net 12 GND))
    (model ${KISYS3DMOD}/Connector_Dsub.3dshapes/DSUB-15-HD_Female_Horizontal_P2.29x1.98mm_EdgePinOffset3.03mm_Housed_MountingHolesOffset4.94mm.wrl
      (at (xyz 0 0 0))
      (scale (xyz 1 1 1))
      (rotate (xyz 0 0 0))
    )
    (model D:/Downloads/2DVI/3d_conn_pc/walter/conn_pc/db_15-vga.wrl
      (at (xyz 0 0 0))
      (scale (xyz 1 1 1))
      (rotate (xyz 0 0 0))
    )
  )

  (module "SCART to DVI-A Compact:JS202011" (layer F.Cu) (tedit 0) (tstamp 5C979695)
    (at 140.97 82.804 180)
    (path /5C983448)
    (fp_text reference SW1 (at 0 0 180) (layer F.SilkS) hide
      (effects (font (size 1.27 1.27) (thickness 0.15)) (justify right top))
    )
    (fp_text value SW_DPDT_x2 (at 0 0 180) (layer F.SilkS) hide
      (effects (font (size 1.27 1.27) (thickness 0.15)) (justify right top))
    )
    (fp_line (start -4.5 -1.6) (end 4.5 -1.6) (layer F.SilkS) (width 0.127))
    (fp_line (start 4.5 -1.6) (end 4.5 1.7) (layer F.SilkS) (width 0.127))
    (fp_line (start 4.5 1.7) (end -0.5 1.7) (layer F.SilkS) (width 0.127))
    (fp_line (start -0.5 1.7) (end -2 1.7) (layer F.SilkS) (width 0.127))
    (fp_line (start -2 1.7) (end -4.5 1.7) (layer F.SilkS) (width 0.127))
    (fp_line (start -4.5 1.7) (end -4.5 -1.6) (layer F.SilkS) (width 0.127))
    (fp_line (start -2 1.7) (end -2 3.4) (layer F.SilkS) (width 0.127))
    (fp_line (start -2 3.4) (end -0.5 3.4) (layer F.SilkS) (width 0.127))
    (fp_line (start -0.5 3.4) (end -0.5 1.7) (layer F.SilkS) (width 0.127))
    (pad 1 thru_hole circle (at -2.5 1.7 180) (size 1.408 1.408) (drill 0.9) (layers *.Cu *.Mask)
      (net 26 VGA_HSYNC) (solder_mask_margin 0.1016))
    (pad 2 thru_hole circle (at 0 1.7 180) (size 1.408 1.408) (drill 0.9) (layers *.Cu *.Mask)
      (net 8 HSYNC_SWITCH) (solder_mask_margin 0.1016))
    (pad 3 thru_hole circle (at 2.5 1.7 180) (size 1.408 1.408) (drill 0.9) (layers *.Cu *.Mask)
      (net 41 STRIP_SYNC) (solder_mask_margin 0.1016))
    (pad 6 thru_hole circle (at 2.5 -1.6 180) (size 1.408 1.408) (drill 0.9) (layers *.Cu *.Mask)
      (net 41 STRIP_SYNC) (solder_mask_margin 0.1016))
    (pad 5 thru_hole circle (at 0 -1.6 180) (size 1.408 1.408) (drill 0.9) (layers *.Cu *.Mask)
      (net 8 HSYNC_SWITCH) (solder_mask_margin 0.1016))
    (pad 4 thru_hole circle (at -2.5 -1.6 180) (size 1.408 1.408) (drill 0.9) (layers *.Cu *.Mask)
      (net 26 VGA_HSYNC) (solder_mask_margin 0.1016))
    (model D:/Downloads/2DVI/3d_switch/walter/switch/switch_mmp122-r.wrl
      (at (xyz 0 0 0))
      (scale (xyz 1 1 1))
      (rotate (xyz 0 0 0))
    )
  )

  (module Capacitor_SMD:C_0603_1608Metric_Pad1.05x0.95mm_HandSolder (layer F.Cu) (tedit 5B301BBE) (tstamp 5C979375)
    (at 136.031 102.616)
    (descr "Capacitor SMD 0603 (1608 Metric), square (rectangular) end terminal, IPC_7351 nominal with elongated pad for handsoldering. (Body size source: http://www.tortai-tech.com/upload/download/2011102023233369053.pdf), generated with kicad-footprint-generator")
    (tags "capacitor handsolder")
    (path /5C97C4E6)
    (attr smd)
    (fp_text reference C1 (at 2.653 0) (layer F.SilkS)
      (effects (font (size 1 1) (thickness 0.15)))
    )
    (fp_text value 100nF (at 0 1.43) (layer F.Fab)
      (effects (font (size 1 1) (thickness 0.15)))
    )
    (fp_text user %R (at 0 0) (layer F.Fab)
      (effects (font (size 0.4 0.4) (thickness 0.06)))
    )
    (fp_line (start 1.65 0.73) (end -1.65 0.73) (layer F.CrtYd) (width 0.05))
    (fp_line (start 1.65 -0.73) (end 1.65 0.73) (layer F.CrtYd) (width 0.05))
    (fp_line (start -1.65 -0.73) (end 1.65 -0.73) (layer F.CrtYd) (width 0.05))
    (fp_line (start -1.65 0.73) (end -1.65 -0.73) (layer F.CrtYd) (width 0.05))
    (fp_line (start -0.171267 0.51) (end 0.171267 0.51) (layer F.SilkS) (width 0.12))
    (fp_line (start -0.171267 -0.51) (end 0.171267 -0.51) (layer F.SilkS) (width 0.12))
    (fp_line (start 0.8 0.4) (end -0.8 0.4) (layer F.Fab) (width 0.1))
    (fp_line (start 0.8 -0.4) (end 0.8 0.4) (layer F.Fab) (width 0.1))
    (fp_line (start -0.8 -0.4) (end 0.8 -0.4) (layer F.Fab) (width 0.1))
    (fp_line (start -0.8 0.4) (end -0.8 -0.4) (layer F.Fab) (width 0.1))
    (pad 2 smd roundrect (at 0.875 0) (size 1.05 0.95) (layers F.Cu F.Paste F.Mask) (roundrect_rratio 0.25)
      (net 1 VGA_RED))
    (pad 1 smd roundrect (at -0.875 0) (size 1.05 0.95) (layers F.Cu F.Paste F.Mask) (roundrect_rratio 0.25)
      (net 2 SF1_IN))
    (model ${KISYS3DMOD}/Capacitor_SMD.3dshapes/C_0603_1608Metric.wrl
      (at (xyz 0 0 0))
      (scale (xyz 1 1 1))
      (rotate (xyz 0 0 0))
    )
  )

  (module Capacitor_SMD:C_0603_1608Metric_Pad1.05x0.95mm_HandSolder (layer F.Cu) (tedit 5B301BBE) (tstamp 5C979386)
    (at 136.031 100.584)
    (descr "Capacitor SMD 0603 (1608 Metric), square (rectangular) end terminal, IPC_7351 nominal with elongated pad for handsoldering. (Body size source: http://www.tortai-tech.com/upload/download/2011102023233369053.pdf), generated with kicad-footprint-generator")
    (tags "capacitor handsolder")
    (path /5C97D9A2)
    (attr smd)
    (fp_text reference C2 (at 2.653 0) (layer F.SilkS)
      (effects (font (size 1 1) (thickness 0.15)))
    )
    (fp_text value 100nF (at 0 1.43) (layer F.Fab)
      (effects (font (size 1 1) (thickness 0.15)))
    )
    (fp_line (start -0.8 0.4) (end -0.8 -0.4) (layer F.Fab) (width 0.1))
    (fp_line (start -0.8 -0.4) (end 0.8 -0.4) (layer F.Fab) (width 0.1))
    (fp_line (start 0.8 -0.4) (end 0.8 0.4) (layer F.Fab) (width 0.1))
    (fp_line (start 0.8 0.4) (end -0.8 0.4) (layer F.Fab) (width 0.1))
    (fp_line (start -0.171267 -0.51) (end 0.171267 -0.51) (layer F.SilkS) (width 0.12))
    (fp_line (start -0.171267 0.51) (end 0.171267 0.51) (layer F.SilkS) (width 0.12))
    (fp_line (start -1.65 0.73) (end -1.65 -0.73) (layer F.CrtYd) (width 0.05))
    (fp_line (start -1.65 -0.73) (end 1.65 -0.73) (layer F.CrtYd) (width 0.05))
    (fp_line (start 1.65 -0.73) (end 1.65 0.73) (layer F.CrtYd) (width 0.05))
    (fp_line (start 1.65 0.73) (end -1.65 0.73) (layer F.CrtYd) (width 0.05))
    (fp_text user %R (at 0 0) (layer F.Fab)
      (effects (font (size 0.4 0.4) (thickness 0.06)))
    )
    (pad 1 smd roundrect (at -0.875 0) (size 1.05 0.95) (layers F.Cu F.Paste F.Mask) (roundrect_rratio 0.25)
      (net 3 SF2_IN))
    (pad 2 smd roundrect (at 0.875 0) (size 1.05 0.95) (layers F.Cu F.Paste F.Mask) (roundrect_rratio 0.25)
      (net 4 VGA_GREEN))
    (model ${KISYS3DMOD}/Capacitor_SMD.3dshapes/C_0603_1608Metric.wrl
      (at (xyz 0 0 0))
      (scale (xyz 1 1 1))
      (rotate (xyz 0 0 0))
    )
  )

  (module Capacitor_SMD:C_0603_1608Metric_Pad1.05x0.95mm_HandSolder (layer F.Cu) (tedit 5B301BBE) (tstamp 5C979397)
    (at 136.003 98.552)
    (descr "Capacitor SMD 0603 (1608 Metric), square (rectangular) end terminal, IPC_7351 nominal with elongated pad for handsoldering. (Body size source: http://www.tortai-tech.com/upload/download/2011102023233369053.pdf), generated with kicad-footprint-generator")
    (tags "capacitor handsolder")
    (path /5C97DCC7)
    (attr smd)
    (fp_text reference C3 (at 2.681 0) (layer F.SilkS)
      (effects (font (size 1 1) (thickness 0.15)))
    )
    (fp_text value 100nF (at 0 1.43) (layer F.Fab)
      (effects (font (size 1 1) (thickness 0.15)))
    )
    (fp_text user %R (at 0 0) (layer F.Fab)
      (effects (font (size 0.4 0.4) (thickness 0.06)))
    )
    (fp_line (start 1.65 0.73) (end -1.65 0.73) (layer F.CrtYd) (width 0.05))
    (fp_line (start 1.65 -0.73) (end 1.65 0.73) (layer F.CrtYd) (width 0.05))
    (fp_line (start -1.65 -0.73) (end 1.65 -0.73) (layer F.CrtYd) (width 0.05))
    (fp_line (start -1.65 0.73) (end -1.65 -0.73) (layer F.CrtYd) (width 0.05))
    (fp_line (start -0.171267 0.51) (end 0.171267 0.51) (layer F.SilkS) (width 0.12))
    (fp_line (start -0.171267 -0.51) (end 0.171267 -0.51) (layer F.SilkS) (width 0.12))
    (fp_line (start 0.8 0.4) (end -0.8 0.4) (layer F.Fab) (width 0.1))
    (fp_line (start 0.8 -0.4) (end 0.8 0.4) (layer F.Fab) (width 0.1))
    (fp_line (start -0.8 -0.4) (end 0.8 -0.4) (layer F.Fab) (width 0.1))
    (fp_line (start -0.8 0.4) (end -0.8 -0.4) (layer F.Fab) (width 0.1))
    (pad 2 smd roundrect (at 0.875 0) (size 1.05 0.95) (layers F.Cu F.Paste F.Mask) (roundrect_rratio 0.25)
      (net 5 VGA_BLUE))
    (pad 1 smd roundrect (at -0.875 0) (size 1.05 0.95) (layers F.Cu F.Paste F.Mask) (roundrect_rratio 0.25)
      (net 6 SF3_IN))
    (model ${KISYS3DMOD}/Capacitor_SMD.3dshapes/C_0603_1608Metric.wrl
      (at (xyz 0 0 0))
      (scale (xyz 1 1 1))
      (rotate (xyz 0 0 0))
    )
  )

  (module Capacitor_SMD:C_0603_1608Metric_Pad1.05x0.95mm_HandSolder (layer F.Cu) (tedit 5B301BBE) (tstamp 5C9793A8)
    (at 136.031 106.68)
    (descr "Capacitor SMD 0603 (1608 Metric), square (rectangular) end terminal, IPC_7351 nominal with elongated pad for handsoldering. (Body size source: http://www.tortai-tech.com/upload/download/2011102023233369053.pdf), generated with kicad-footprint-generator")
    (tags "capacitor handsolder")
    (path /5C9E5C37)
    (attr smd)
    (fp_text reference C4 (at 2.653 0) (layer F.SilkS)
      (effects (font (size 1 1) (thickness 0.15)))
    )
    (fp_text value 100nF (at 0 1.43) (layer F.Fab)
      (effects (font (size 1 1) (thickness 0.15)))
    )
    (fp_line (start -0.8 0.4) (end -0.8 -0.4) (layer F.Fab) (width 0.1))
    (fp_line (start -0.8 -0.4) (end 0.8 -0.4) (layer F.Fab) (width 0.1))
    (fp_line (start 0.8 -0.4) (end 0.8 0.4) (layer F.Fab) (width 0.1))
    (fp_line (start 0.8 0.4) (end -0.8 0.4) (layer F.Fab) (width 0.1))
    (fp_line (start -0.171267 -0.51) (end 0.171267 -0.51) (layer F.SilkS) (width 0.12))
    (fp_line (start -0.171267 0.51) (end 0.171267 0.51) (layer F.SilkS) (width 0.12))
    (fp_line (start -1.65 0.73) (end -1.65 -0.73) (layer F.CrtYd) (width 0.05))
    (fp_line (start -1.65 -0.73) (end 1.65 -0.73) (layer F.CrtYd) (width 0.05))
    (fp_line (start 1.65 -0.73) (end 1.65 0.73) (layer F.CrtYd) (width 0.05))
    (fp_line (start 1.65 0.73) (end -1.65 0.73) (layer F.CrtYd) (width 0.05))
    (fp_text user %R (at 0 0) (layer F.Fab)
      (effects (font (size 0.4 0.4) (thickness 0.06)))
    )
    (pad 1 smd roundrect (at -0.875 0) (size 1.05 0.95) (layers F.Cu F.Paste F.Mask) (roundrect_rratio 0.25)
      (net 7 SD1_IN))
    (pad 2 smd roundrect (at 0.875 0) (size 1.05 0.95) (layers F.Cu F.Paste F.Mask) (roundrect_rratio 0.25)
      (net 8 HSYNC_SWITCH))
    (model ${KISYS3DMOD}/Capacitor_SMD.3dshapes/C_0603_1608Metric.wrl
      (at (xyz 0 0 0))
      (scale (xyz 1 1 1))
      (rotate (xyz 0 0 0))
    )
  )

  (module Capacitor_SMD:C_0603_1608Metric_Pad1.05x0.95mm_HandSolder (layer F.Cu) (tedit 5B301BBE) (tstamp 5C9793B9)
    (at 136.031 104.648)
    (descr "Capacitor SMD 0603 (1608 Metric), square (rectangular) end terminal, IPC_7351 nominal with elongated pad for handsoldering. (Body size source: http://www.tortai-tech.com/upload/download/2011102023233369053.pdf), generated with kicad-footprint-generator")
    (tags "capacitor handsolder")
    (path /5C9E6030)
    (attr smd)
    (fp_text reference C5 (at 2.653 0) (layer F.SilkS)
      (effects (font (size 1 1) (thickness 0.15)))
    )
    (fp_text value 100nF (at 0 1.43) (layer F.Fab)
      (effects (font (size 1 1) (thickness 0.15)))
    )
    (fp_text user %R (at 0 0) (layer F.Fab)
      (effects (font (size 0.4 0.4) (thickness 0.06)))
    )
    (fp_line (start 1.65 0.73) (end -1.65 0.73) (layer F.CrtYd) (width 0.05))
    (fp_line (start 1.65 -0.73) (end 1.65 0.73) (layer F.CrtYd) (width 0.05))
    (fp_line (start -1.65 -0.73) (end 1.65 -0.73) (layer F.CrtYd) (width 0.05))
    (fp_line (start -1.65 0.73) (end -1.65 -0.73) (layer F.CrtYd) (width 0.05))
    (fp_line (start -0.171267 0.51) (end 0.171267 0.51) (layer F.SilkS) (width 0.12))
    (fp_line (start -0.171267 -0.51) (end 0.171267 -0.51) (layer F.SilkS) (width 0.12))
    (fp_line (start 0.8 0.4) (end -0.8 0.4) (layer F.Fab) (width 0.1))
    (fp_line (start 0.8 -0.4) (end 0.8 0.4) (layer F.Fab) (width 0.1))
    (fp_line (start -0.8 -0.4) (end 0.8 -0.4) (layer F.Fab) (width 0.1))
    (fp_line (start -0.8 0.4) (end -0.8 -0.4) (layer F.Fab) (width 0.1))
    (pad 2 smd roundrect (at 0.875 0) (size 1.05 0.95) (layers F.Cu F.Paste F.Mask) (roundrect_rratio 0.25)
      (net 9 VGA_VSYNC))
    (pad 1 smd roundrect (at -0.875 0) (size 1.05 0.95) (layers F.Cu F.Paste F.Mask) (roundrect_rratio 0.25)
      (net 10 SD2_IN))
    (model ${KISYS3DMOD}/Capacitor_SMD.3dshapes/C_0603_1608Metric.wrl
      (at (xyz 0 0 0))
      (scale (xyz 1 1 1))
      (rotate (xyz 0 0 0))
    )
  )

  (module Capacitor_SMD:C_0603_1608Metric_Pad1.05x0.95mm_HandSolder (layer F.Cu) (tedit 5B301BBE) (tstamp 5C9793CA)
    (at 136.144 90.565 90)
    (descr "Capacitor SMD 0603 (1608 Metric), square (rectangular) end terminal, IPC_7351 nominal with elongated pad for handsoldering. (Body size source: http://www.tortai-tech.com/upload/download/2011102023233369053.pdf), generated with kicad-footprint-generator")
    (tags "capacitor handsolder")
    (path /5C96C1EE)
    (attr smd)
    (fp_text reference C6 (at 0 -1.43 90) (layer F.SilkS)
      (effects (font (size 1 1) (thickness 0.15)))
    )
    (fp_text value 510pF (at 0 1.43 90) (layer F.Fab)
      (effects (font (size 1 1) (thickness 0.15)))
    )
    (fp_text user %R (at 0 0 90) (layer F.Fab)
      (effects (font (size 0.4 0.4) (thickness 0.06)))
    )
    (fp_line (start 1.65 0.73) (end -1.65 0.73) (layer F.CrtYd) (width 0.05))
    (fp_line (start 1.65 -0.73) (end 1.65 0.73) (layer F.CrtYd) (width 0.05))
    (fp_line (start -1.65 -0.73) (end 1.65 -0.73) (layer F.CrtYd) (width 0.05))
    (fp_line (start -1.65 0.73) (end -1.65 -0.73) (layer F.CrtYd) (width 0.05))
    (fp_line (start -0.171267 0.51) (end 0.171267 0.51) (layer F.SilkS) (width 0.12))
    (fp_line (start -0.171267 -0.51) (end 0.171267 -0.51) (layer F.SilkS) (width 0.12))
    (fp_line (start 0.8 0.4) (end -0.8 0.4) (layer F.Fab) (width 0.1))
    (fp_line (start 0.8 -0.4) (end 0.8 0.4) (layer F.Fab) (width 0.1))
    (fp_line (start -0.8 -0.4) (end 0.8 -0.4) (layer F.Fab) (width 0.1))
    (fp_line (start -0.8 0.4) (end -0.8 -0.4) (layer F.Fab) (width 0.1))
    (pad 2 smd roundrect (at 0.875 0 90) (size 1.05 0.95) (layers F.Cu F.Paste F.Mask) (roundrect_rratio 0.25)
      (net 11 "Net-(C6-Pad2)"))
    (pad 1 smd roundrect (at -0.875 0 90) (size 1.05 0.95) (layers F.Cu F.Paste F.Mask) (roundrect_rratio 0.25)
      (net 12 GND))
    (model ${KISYS3DMOD}/Capacitor_SMD.3dshapes/C_0603_1608Metric.wrl
      (at (xyz 0 0 0))
      (scale (xyz 1 1 1))
      (rotate (xyz 0 0 0))
    )
  )

  (module Capacitor_SMD:C_0603_1608Metric_Pad1.05x0.95mm_HandSolder (layer F.Cu) (tedit 5B301BBE) (tstamp 5C9793DB)
    (at 136.412 85.979)
    (descr "Capacitor SMD 0603 (1608 Metric), square (rectangular) end terminal, IPC_7351 nominal with elongated pad for handsoldering. (Body size source: http://www.tortai-tech.com/upload/download/2011102023233369053.pdf), generated with kicad-footprint-generator")
    (tags "capacitor handsolder")
    (path /5C9A80CC)
    (attr smd)
    (fp_text reference C7 (at -1.03 -1.397) (layer F.SilkS)
      (effects (font (size 1 1) (thickness 0.15)))
    )
    (fp_text value 100nF (at 0 1.43) (layer F.Fab)
      (effects (font (size 1 1) (thickness 0.15)))
    )
    (fp_line (start -0.8 0.4) (end -0.8 -0.4) (layer F.Fab) (width 0.1))
    (fp_line (start -0.8 -0.4) (end 0.8 -0.4) (layer F.Fab) (width 0.1))
    (fp_line (start 0.8 -0.4) (end 0.8 0.4) (layer F.Fab) (width 0.1))
    (fp_line (start 0.8 0.4) (end -0.8 0.4) (layer F.Fab) (width 0.1))
    (fp_line (start -0.171267 -0.51) (end 0.171267 -0.51) (layer F.SilkS) (width 0.12))
    (fp_line (start -0.171267 0.51) (end 0.171267 0.51) (layer F.SilkS) (width 0.12))
    (fp_line (start -1.65 0.73) (end -1.65 -0.73) (layer F.CrtYd) (width 0.05))
    (fp_line (start -1.65 -0.73) (end 1.65 -0.73) (layer F.CrtYd) (width 0.05))
    (fp_line (start 1.65 -0.73) (end 1.65 0.73) (layer F.CrtYd) (width 0.05))
    (fp_line (start 1.65 0.73) (end -1.65 0.73) (layer F.CrtYd) (width 0.05))
    (fp_text user %R (at 0 0) (layer F.Fab)
      (effects (font (size 0.4 0.4) (thickness 0.06)))
    )
    (pad 1 smd roundrect (at -0.875 0) (size 1.05 0.95) (layers F.Cu F.Paste F.Mask) (roundrect_rratio 0.25)
      (net 11 "Net-(C6-Pad2)"))
    (pad 2 smd roundrect (at 0.875 0) (size 1.05 0.95) (layers F.Cu F.Paste F.Mask) (roundrect_rratio 0.25)
      (net 69 "Net-(C7-Pad2)"))
    (model ${KISYS3DMOD}/Capacitor_SMD.3dshapes/C_0603_1608Metric.wrl
      (at (xyz 0 0 0))
      (scale (xyz 1 1 1))
      (rotate (xyz 0 0 0))
    )
  )

  (module Capacitor_SMD:C_0603_1608Metric_Pad1.05x0.95mm_HandSolder (layer F.Cu) (tedit 5B301BBE) (tstamp 5C9793EC)
    (at 146.685 89.803 90)
    (descr "Capacitor SMD 0603 (1608 Metric), square (rectangular) end terminal, IPC_7351 nominal with elongated pad for handsoldering. (Body size source: http://www.tortai-tech.com/upload/download/2011102023233369053.pdf), generated with kicad-footprint-generator")
    (tags "capacitor handsolder")
    (path /5C96CADC)
    (attr smd)
    (fp_text reference C8 (at 2.427 -0.127 180) (layer F.SilkS)
      (effects (font (size 1 1) (thickness 0.15)))
    )
    (fp_text value 56nF (at 0 1.43 90) (layer F.Fab)
      (effects (font (size 1 1) (thickness 0.15)))
    )
    (fp_line (start -0.8 0.4) (end -0.8 -0.4) (layer F.Fab) (width 0.1))
    (fp_line (start -0.8 -0.4) (end 0.8 -0.4) (layer F.Fab) (width 0.1))
    (fp_line (start 0.8 -0.4) (end 0.8 0.4) (layer F.Fab) (width 0.1))
    (fp_line (start 0.8 0.4) (end -0.8 0.4) (layer F.Fab) (width 0.1))
    (fp_line (start -0.171267 -0.51) (end 0.171267 -0.51) (layer F.SilkS) (width 0.12))
    (fp_line (start -0.171267 0.51) (end 0.171267 0.51) (layer F.SilkS) (width 0.12))
    (fp_line (start -1.65 0.73) (end -1.65 -0.73) (layer F.CrtYd) (width 0.05))
    (fp_line (start -1.65 -0.73) (end 1.65 -0.73) (layer F.CrtYd) (width 0.05))
    (fp_line (start 1.65 -0.73) (end 1.65 0.73) (layer F.CrtYd) (width 0.05))
    (fp_line (start 1.65 0.73) (end -1.65 0.73) (layer F.CrtYd) (width 0.05))
    (fp_text user %R (at 0 0 90) (layer F.Fab)
      (effects (font (size 0.4 0.4) (thickness 0.06)))
    )
    (pad 1 smd roundrect (at -0.875 0 90) (size 1.05 0.95) (layers F.Cu F.Paste F.Mask) (roundrect_rratio 0.25)
      (net 13 "Net-(C8-Pad1)"))
    (pad 2 smd roundrect (at 0.875 0 90) (size 1.05 0.95) (layers F.Cu F.Paste F.Mask) (roundrect_rratio 0.25)
      (net 12 GND))
    (model ${KISYS3DMOD}/Capacitor_SMD.3dshapes/C_0603_1608Metric.wrl
      (at (xyz 0 0 0))
      (scale (xyz 1 1 1))
      (rotate (xyz 0 0 0))
    )
  )

  (module Capacitor_SMD:CP_Elec_4x5.4 (layer F.Cu) (tedit 5BCA39CF) (tstamp 5C979414)
    (at 128.905 107.696)
    (descr "SMD capacitor, aluminum electrolytic, Panasonic A5 / Nichicon, 4.0x5.4mm")
    (tags "capacitor electrolytic")
    (path /5C990533)
    (attr smd)
    (fp_text reference C9 (at 4.445 0) (layer F.SilkS)
      (effects (font (size 1 1) (thickness 0.15)))
    )
    (fp_text value 10μF (at 0 3.2) (layer F.Fab)
      (effects (font (size 1 1) (thickness 0.15)))
    )
    (fp_text user %R (at 0 0) (layer F.Fab)
      (effects (font (size 0.8 0.8) (thickness 0.12)))
    )
    (fp_line (start -3.35 1.05) (end -2.4 1.05) (layer F.CrtYd) (width 0.05))
    (fp_line (start -3.35 -1.05) (end -3.35 1.05) (layer F.CrtYd) (width 0.05))
    (fp_line (start -2.4 -1.05) (end -3.35 -1.05) (layer F.CrtYd) (width 0.05))
    (fp_line (start -2.4 1.05) (end -2.4 1.25) (layer F.CrtYd) (width 0.05))
    (fp_line (start -2.4 -1.25) (end -2.4 -1.05) (layer F.CrtYd) (width 0.05))
    (fp_line (start -2.4 -1.25) (end -1.25 -2.4) (layer F.CrtYd) (width 0.05))
    (fp_line (start -2.4 1.25) (end -1.25 2.4) (layer F.CrtYd) (width 0.05))
    (fp_line (start -1.25 -2.4) (end 2.4 -2.4) (layer F.CrtYd) (width 0.05))
    (fp_line (start -1.25 2.4) (end 2.4 2.4) (layer F.CrtYd) (width 0.05))
    (fp_line (start 2.4 1.05) (end 2.4 2.4) (layer F.CrtYd) (width 0.05))
    (fp_line (start 3.35 1.05) (end 2.4 1.05) (layer F.CrtYd) (width 0.05))
    (fp_line (start 3.35 -1.05) (end 3.35 1.05) (layer F.CrtYd) (width 0.05))
    (fp_line (start 2.4 -1.05) (end 3.35 -1.05) (layer F.CrtYd) (width 0.05))
    (fp_line (start 2.4 -2.4) (end 2.4 -1.05) (layer F.CrtYd) (width 0.05))
    (fp_line (start -2.75 -1.81) (end -2.75 -1.31) (layer F.SilkS) (width 0.12))
    (fp_line (start -3 -1.56) (end -2.5 -1.56) (layer F.SilkS) (width 0.12))
    (fp_line (start -2.26 1.195563) (end -1.195563 2.26) (layer F.SilkS) (width 0.12))
    (fp_line (start -2.26 -1.195563) (end -1.195563 -2.26) (layer F.SilkS) (width 0.12))
    (fp_line (start -2.26 -1.195563) (end -2.26 -1.06) (layer F.SilkS) (width 0.12))
    (fp_line (start -2.26 1.195563) (end -2.26 1.06) (layer F.SilkS) (width 0.12))
    (fp_line (start -1.195563 2.26) (end 2.26 2.26) (layer F.SilkS) (width 0.12))
    (fp_line (start -1.195563 -2.26) (end 2.26 -2.26) (layer F.SilkS) (width 0.12))
    (fp_line (start 2.26 -2.26) (end 2.26 -1.06) (layer F.SilkS) (width 0.12))
    (fp_line (start 2.26 2.26) (end 2.26 1.06) (layer F.SilkS) (width 0.12))
    (fp_line (start -1.374773 -1.2) (end -1.374773 -0.8) (layer F.Fab) (width 0.1))
    (fp_line (start -1.574773 -1) (end -1.174773 -1) (layer F.Fab) (width 0.1))
    (fp_line (start -2.15 1.15) (end -1.15 2.15) (layer F.Fab) (width 0.1))
    (fp_line (start -2.15 -1.15) (end -1.15 -2.15) (layer F.Fab) (width 0.1))
    (fp_line (start -2.15 -1.15) (end -2.15 1.15) (layer F.Fab) (width 0.1))
    (fp_line (start -1.15 2.15) (end 2.15 2.15) (layer F.Fab) (width 0.1))
    (fp_line (start -1.15 -2.15) (end 2.15 -2.15) (layer F.Fab) (width 0.1))
    (fp_line (start 2.15 -2.15) (end 2.15 2.15) (layer F.Fab) (width 0.1))
    (fp_circle (center 0 0) (end 2 0) (layer F.Fab) (width 0.1))
    (pad 2 smd roundrect (at 1.8 0) (size 2.6 1.6) (layers F.Cu F.Paste F.Mask) (roundrect_rratio 0.15625)
      (net 12 GND))
    (pad 1 smd roundrect (at -1.8 0) (size 2.6 1.6) (layers F.Cu F.Paste F.Mask) (roundrect_rratio 0.15625)
      (net 14 5V))
    (model ${KISYS3DMOD}/Capacitor_SMD.3dshapes/CP_Elec_4x5.4.wrl
      (at (xyz 0 0 0))
      (scale (xyz 1 1 1))
      (rotate (xyz 0 0 0))
    )
  )

  (module Capacitor_SMD:C_0603_1608Metric_Pad1.05x0.95mm_HandSolder (layer F.Cu) (tedit 5B301BBE) (tstamp 5C979425)
    (at 129.272 110.871 180)
    (descr "Capacitor SMD 0603 (1608 Metric), square (rectangular) end terminal, IPC_7351 nominal with elongated pad for handsoldering. (Body size source: http://www.tortai-tech.com/upload/download/2011102023233369053.pdf), generated with kicad-footprint-generator")
    (tags "capacitor handsolder")
    (path /5C99053D)
    (attr smd)
    (fp_text reference C10 (at -3.062 -0.127 180) (layer F.SilkS)
      (effects (font (size 1 1) (thickness 0.15)))
    )
    (fp_text value 100nF (at 0 1.43 180) (layer F.Fab)
      (effects (font (size 1 1) (thickness 0.15)))
    )
    (fp_text user %R (at 0 0 180) (layer F.Fab)
      (effects (font (size 0.4 0.4) (thickness 0.06)))
    )
    (fp_line (start 1.65 0.73) (end -1.65 0.73) (layer F.CrtYd) (width 0.05))
    (fp_line (start 1.65 -0.73) (end 1.65 0.73) (layer F.CrtYd) (width 0.05))
    (fp_line (start -1.65 -0.73) (end 1.65 -0.73) (layer F.CrtYd) (width 0.05))
    (fp_line (start -1.65 0.73) (end -1.65 -0.73) (layer F.CrtYd) (width 0.05))
    (fp_line (start -0.171267 0.51) (end 0.171267 0.51) (layer F.SilkS) (width 0.12))
    (fp_line (start -0.171267 -0.51) (end 0.171267 -0.51) (layer F.SilkS) (width 0.12))
    (fp_line (start 0.8 0.4) (end -0.8 0.4) (layer F.Fab) (width 0.1))
    (fp_line (start 0.8 -0.4) (end 0.8 0.4) (layer F.Fab) (width 0.1))
    (fp_line (start -0.8 -0.4) (end 0.8 -0.4) (layer F.Fab) (width 0.1))
    (fp_line (start -0.8 0.4) (end -0.8 -0.4) (layer F.Fab) (width 0.1))
    (pad 2 smd roundrect (at 0.875 0 180) (size 1.05 0.95) (layers F.Cu F.Paste F.Mask) (roundrect_rratio 0.25)
      (net 14 5V))
    (pad 1 smd roundrect (at -0.875 0 180) (size 1.05 0.95) (layers F.Cu F.Paste F.Mask) (roundrect_rratio 0.25)
      (net 12 GND))
    (model ${KISYS3DMOD}/Capacitor_SMD.3dshapes/C_0603_1608Metric.wrl
      (at (xyz 0 0 0))
      (scale (xyz 1 1 1))
      (rotate (xyz 0 0 0))
    )
  )

  (module Capacitor_SMD:C_0603_1608Metric_Pad1.05x0.95mm_HandSolder (layer F.Cu) (tedit 5B301BBE) (tstamp 5C979436)
    (at 129.286 112.395 180)
    (descr "Capacitor SMD 0603 (1608 Metric), square (rectangular) end terminal, IPC_7351 nominal with elongated pad for handsoldering. (Body size source: http://www.tortai-tech.com/upload/download/2011102023233369053.pdf), generated with kicad-footprint-generator")
    (tags "capacitor handsolder")
    (path /5C99054B)
    (attr smd)
    (fp_text reference C11 (at -3.048 -0.127 180) (layer F.SilkS)
      (effects (font (size 1 1) (thickness 0.15)))
    )
